-2.500000E-07, -0.006025
-2.496000E-07, -0.006025
-2.492000E-07, -0.006025
-2.488000E-07, -0.006025
-2.484000E-07, -0.006025
-2.480000E-07, -0.006025
-2.476000E-07, -0.009372
-2.472000E-07, -0.002678
-2.468000E-07, -0.009372
-2.464000E-07, -0.006025
-2.460000E-07, -0.006025
-2.456000E-07, -0.006025
-2.452000E-07, -0.002678
-2.448000E-07, -0.006025
-2.444000E-07, -0.006025
-2.440000E-07, -0.002678
-2.436000E-07, -0.006025
-2.432000E-07, -0.002678
-2.428000E-07, -0.006025
-2.424000E-07, -0.006025
-2.420000E-07, -0.006025
-2.416000E-07, -0.006025
-2.412000E-07, -0.006025
-2.408000E-07, -0.002678
-2.404000E-07, -0.006025
-2.400000E-07, -0.006025
-2.396000E-07, -0.009372
-2.392000E-07, -0.006025
-2.388000E-07, -0.002678
-2.384000E-07, -0.002678
-2.380000E-07, -0.006025
-2.376000E-07, -0.002678
-2.372000E-07, -0.006025
-2.368000E-07, -0.002678
-2.364000E-07, -0.009372
-2.360000E-07, -0.006025
-2.356000E-07, -0.006025
-2.352000E-07, -0.006025
-2.348000E-07, -0.006025
-2.344000E-07, -0.002678
-2.340000E-07, -0.009372
-2.336000E-07, -0.006025
-2.332000E-07, -0.006025
-2.328000E-07, -0.006025
-2.324000E-07, -0.006025
-2.320000E-07, -0.006025
-2.316000E-07, -0.002678
-2.312000E-07, -0.002678
-2.308000E-07, -0.006025
-2.304000E-07, -0.002678
-2.300000E-07, -0.006025
-2.296000E-07, -0.006025
-2.292000E-07, -0.006025
-2.288000E-07, -0.002678
-2.284000E-07, -0.006025
-2.280000E-07, -0.002678
-2.276000E-07, -0.006025
-2.272000E-07, -0.006025
-2.268000E-07, -0.006025
-2.264000E-07, -0.002678
-2.260000E-07, -0.006025
-2.256000E-07, -0.002678
-2.252000E-07, -0.006025
-2.248000E-07, -0.002678
-2.244000E-07, -0.006025
-2.240000E-07, -0.002678
-2.236000E-07, -0.006025
-2.232000E-07, -0.006025
-2.228000E-07, -0.002678
-2.224000E-07, -0.006025
-2.220000E-07, -0.009372
-2.216000E-07, -0.006025
-2.212000E-07, -0.009372
-2.208000E-07, -0.006025
-2.204000E-07, -0.009372
-2.200000E-07, -0.009372
-2.196000E-07, -0.006025
-2.192000E-07, -0.006025
-2.188000E-07, -0.002678
-2.184000E-07, -0.002678
-2.180000E-07, -0.002678
-2.176000E-07, -0.002678
-2.172000E-07, -0.006025
-2.168000E-07, -0.006025
-2.164000E-07, -0.006025
-2.160000E-07, -0.006025
-2.156000E-07, -0.009372
-2.152000E-07, -0.002678
-2.148000E-07, -0.006025
-2.144000E-07, -0.009372
-2.140000E-07, -0.009372
-2.136000E-07, -0.006025
-2.132000E-07, -0.006025
-2.128000E-07, -0.006025
-2.124000E-07, -0.006025
-2.120000E-07, -0.002678
-2.116000E-07, -0.009372
-2.112000E-07, -0.002678
-2.108000E-07, -0.006025
-2.104000E-07, -0.006025
-2.100000E-07, -0.006025
-2.096000E-07, -0.002678
-2.092000E-07, -0.006025
-2.088000E-07, -0.006025
-2.084000E-07, -0.009372
-2.080000E-07, -0.006025
-2.076000E-07, -0.009372
-2.072000E-07, -0.006025
-2.068000E-07, -0.006025
-2.064000E-07, -0.002678
-2.060000E-07, -0.006025
-2.056000E-07, -0.002678
-2.052000E-07, -0.006025
-2.048000E-07, -0.006025
-2.044000E-07, -0.006025
-2.040000E-07, -0.006025
-2.036000E-07, -0.002678
-2.032000E-07, -0.006025
-2.028000E-07, -0.006025
-2.024000E-07, -0.002678
-2.020000E-07, -0.009372
-2.016000E-07, -0.009372
-2.012000E-07, -0.009372
-2.008000E-07, -0.002678
-2.004000E-07, -0.006025
-2.000000E-07, -0.009372
-1.996000E-07, -0.006025
-1.992000E-07, -0.002678
-1.988000E-07, -0.009372
-1.984000E-07, -0.002678
-1.980000E-07, -0.009372
-1.976000E-07, -0.006025
-1.972000E-07, -0.006025
-1.968000E-07, -0.002678
-1.964000E-07, -0.006025
-1.960000E-07, -0.006025
-1.956000E-07, -0.006025
-1.952000E-07, -0.006025
-1.948000E-07, -0.006025
-1.944000E-07, -0.006025
-1.940000E-07, -0.006025
-1.936000E-07, -0.006025
-1.932000E-07, -0.006025
-1.928000E-07, 0.000669
-1.924000E-07, -0.006025
-1.920000E-07, -0.006025
-1.916000E-07, -0.006025
-1.912000E-07, -0.006025
-1.908000E-07, -0.006025
-1.904000E-07, -0.002678
-1.900000E-07, -0.009372
-1.896000E-07, -0.002678
-1.892000E-07, -0.006025
-1.888000E-07, -0.006025
-1.884000E-07, -0.006025
-1.880000E-07, -0.009372
-1.876000E-07, -0.006025
-1.872000E-07, -0.002678
-1.868000E-07, -0.006025
-1.864000E-07, -0.002678
-1.860000E-07, -0.006025
-1.856000E-07, 0.000669
-1.852000E-07, -0.006025
-1.848000E-07, -0.006025
-1.844000E-07, -0.002678
-1.840000E-07, -0.006025
-1.836000E-07, -0.006025
-1.832000E-07, -0.002678
-1.828000E-07, -0.006025
-1.824000E-07, -0.006025
-1.820000E-07, -0.009372
-1.816000E-07, -0.002678
-1.812000E-07, -0.002678
-1.808000E-07, -0.002678
-1.804000E-07, -0.006025
-1.800000E-07, -0.002678
-1.796000E-07, -0.002678
-1.792000E-07, -0.002678
-1.788000E-07, -0.006025
-1.784000E-07, -0.006025
-1.780000E-07, -0.006025
-1.776000E-07, -0.006025
-1.772000E-07, -0.006025
-1.768000E-07, -0.002678
-1.764000E-07, -0.002678
-1.760000E-07, -0.006025
-1.756000E-07, -0.006025
-1.752000E-07, -0.002678
-1.748000E-07, -0.002678
-1.744000E-07, -0.002678
-1.740000E-07, -0.002678
-1.736000E-07, -0.002678
-1.732000E-07, -0.006025
-1.728000E-07, -0.002678
-1.724000E-07, -0.006025
-1.720000E-07, -0.006025
-1.716000E-07, -0.006025
-1.712000E-07, -0.002678
-1.708000E-07, -0.006025
-1.704000E-07, -0.002678
-1.700000E-07, -0.006025
-1.696000E-07, -0.006025
-1.692000E-07, -0.009372
-1.688000E-07, -0.006025
-1.684000E-07, -0.006025
-1.680000E-07, -0.002678
-1.676000E-07, -0.006025
-1.672000E-07, -0.002678
-1.668000E-07, -0.006025
-1.664000E-07, -0.002678
-1.660000E-07, -0.006025
-1.656000E-07, -0.006025
-1.652000E-07, -0.006025
-1.648000E-07, -0.002678
-1.644000E-07, -0.009372
-1.640000E-07, -0.006025
-1.636000E-07, -0.009372
-1.632000E-07, -0.006025
-1.628000E-07, -0.006025
-1.624000E-07, -0.006025
-1.620000E-07, -0.006025
-1.616000E-07, -0.006025
-1.612000E-07, -0.002678
-1.608000E-07, -0.002678
-1.604000E-07, -0.009372
-1.600000E-07, -0.006025
-1.596000E-07, -0.009372
-1.592000E-07, -0.006025
-1.588000E-07, -0.006025
-1.584000E-07, -0.002678
-1.580000E-07, -0.009372
-1.576000E-07, -0.002678
-1.572000E-07, -0.006025
-1.568000E-07, -0.006025
-1.564000E-07, -0.006025
-1.560000E-07, -0.006025
-1.556000E-07, -0.006025
-1.552000E-07, -0.002678
-1.548000E-07, -0.002678
-1.544000E-07, -0.002678
-1.540000E-07, -0.006025
-1.536000E-07, -0.009372
-1.532000E-07, -0.006025
-1.528000E-07, -0.006025
-1.524000E-07, -0.006025
-1.520000E-07, -0.006025
-1.516000E-07, -0.006025
-1.512000E-07, -0.002678
-1.508000E-07, -0.006025
-1.504000E-07, -0.006025
-1.500000E-07, -0.006025
-1.496000E-07, -0.006025
-1.492000E-07, -0.006025
-1.488000E-07, -0.002678
-1.484000E-07, -0.002678
-1.480000E-07, 0.000669
-1.476000E-07, -0.009372
-1.472000E-07, -0.006025
-1.468000E-07, -0.006025
-1.464000E-07, -0.009372
-1.460000E-07, -0.006025
-1.456000E-07, -0.006025
-1.452000E-07, -0.006025
-1.448000E-07, -0.002678
-1.444000E-07, -0.009372
-1.440000E-07, -0.006025
-1.436000E-07, -0.009372
-1.432000E-07, -0.006025
-1.428000E-07, -0.006025
-1.424000E-07, -0.002678
-1.420000E-07, -0.002678
-1.416000E-07, -0.002678
-1.412000E-07, -0.006025
-1.408000E-07, -0.006025
-1.404000E-07, -0.006025
-1.400000E-07, -0.006025
-1.396000E-07, -0.006025
-1.392000E-07, -0.006025
-1.388000E-07, -0.006025
-1.384000E-07, -0.002678
-1.380000E-07, -0.006025
-1.376000E-07, -0.006025
-1.372000E-07, -0.009372
-1.368000E-07, -0.006025
-1.364000E-07, -0.002678
-1.360000E-07, -0.002678
-1.356000E-07, -0.006025
-1.352000E-07, 0.000669
-1.348000E-07, -0.006025
-1.344000E-07, -0.002678
-1.340000E-07, -0.002678
-1.336000E-07, -0.006025
-1.332000E-07, -0.006025
-1.328000E-07, -0.006025
-1.324000E-07, -0.009372
-1.320000E-07, -0.002678
-1.316000E-07, -0.006025
-1.312000E-07, -0.006025
-1.308000E-07, -0.009372
-1.304000E-07, -0.006025
-1.300000E-07, -0.006025
-1.296000E-07, -0.006025
-1.292000E-07, -0.006025
-1.288000E-07, -0.002678
-1.284000E-07, -0.006025
-1.280000E-07, -0.002678
-1.276000E-07, -0.006025
-1.272000E-07, -0.009372
-1.268000E-07, -0.006025
-1.264000E-07, -0.006025
-1.260000E-07, -0.006025
-1.256000E-07, -0.006025
-1.252000E-07, -0.006025
-1.248000E-07, -0.006025
-1.244000E-07, -0.009372
-1.240000E-07, -0.006025
-1.236000E-07, -0.002678
-1.232000E-07, -0.006025
-1.228000E-07, -0.002678
-1.224000E-07, -0.002678
-1.220000E-07, -0.006025
-1.216000E-07, -0.006025
-1.212000E-07, -0.006025
-1.208000E-07, -0.006025
-1.204000E-07, -0.009372
-1.200000E-07, -0.006025
-1.196000E-07, -0.009372
-1.192000E-07, -0.002678
-1.188000E-07, -0.006025
-1.184000E-07, -0.006025
-1.180000E-07, -0.009372
-1.176000E-07, -0.006025
-1.172000E-07, -0.006025
-1.168000E-07, -0.002678
-1.164000E-07, -0.006025
-1.160000E-07, -0.002678
-1.156000E-07, -0.009372
-1.152000E-07, -0.002678
-1.148000E-07, -0.006025
-1.144000E-07, -0.006025
-1.140000E-07, -0.006025
-1.136000E-07, -0.006025
-1.132000E-07, -0.006025
-1.128000E-07, -0.002678
-1.124000E-07, -0.006025
-1.120000E-07, -0.006025
-1.116000E-07, -0.006025
-1.112000E-07, -0.006025
-1.108000E-07, -0.006025
-1.104000E-07, -0.002678
-1.100000E-07, -0.006025
-1.096000E-07, -0.002678
-1.092000E-07, -0.006025
-1.088000E-07, -0.006025
-1.084000E-07, -0.006025
-1.080000E-07, -0.006025
-1.076000E-07, -0.006025
-1.072000E-07, -0.006025
-1.068000E-07, -0.006025
-1.064000E-07, -0.006025
-1.060000E-07, -0.006025
-1.056000E-07, -0.006025
-1.052000E-07, -0.006025
-1.048000E-07, -0.002678
-1.044000E-07, -0.006025
-1.040000E-07, -0.002678
-1.036000E-07, -0.006025
-1.032000E-07, -0.002678
-1.028000E-07, -0.006025
-1.024000E-07, -0.006025
-1.020000E-07, -0.006025
-1.016000E-07, -0.006025
-1.012000E-07, -0.006025
-1.008000E-07, -0.006025
-1.004000E-07, -0.006025
-1.000000E-07, -0.002678
-9.960000E-08, -0.006025
-9.920000E-08, -0.006025
-9.880000E-08, -0.006025
-9.840000E-08, -0.006025
-9.800000E-08, -0.006025
-9.760000E-08, -0.006025
-9.720000E-08, -0.006025
-9.680000E-08, -0.002678
-9.640000E-08, -0.002678
-9.600000E-08, -0.009372
-9.560000E-08, -0.006025
-9.520000E-08, -0.006025
-9.480000E-08, -0.006025
-9.440000E-08, -0.006025
-9.400000E-08, -0.002678
-9.360000E-08, -0.002678
-9.320000E-08, -0.006025
-9.280000E-08, -0.006025
-9.240000E-08, -0.009372
-9.200000E-08, -0.006025
-9.160000E-08, -0.002678
-9.120000E-08, -0.006025
-9.080000E-08, -0.006025
-9.040000E-08, -0.002678
-9.000000E-08, -0.009372
-8.960000E-08, -0.006025
-8.920000E-08, -0.006025
-8.880000E-08, -0.006025
-8.840000E-08, -0.002678
-8.800000E-08, -0.002678
-8.760000E-08, -0.006025
-8.720000E-08, -0.006025
-8.680000E-08, -0.009372
-8.640000E-08, -0.009372
-8.600000E-08, -0.006025
-8.560000E-08, -0.006025
-8.520000E-08, -0.002678
-8.480000E-08, -0.006025
-8.440000E-08, -0.006025
-8.400000E-08, -0.002678
-8.360000E-08, -0.006025
-8.320000E-08, -0.002678
-8.280000E-08, -0.006025
-8.240000E-08, -0.006025
-8.200000E-08, -0.006025
-8.160000E-08, -0.002678
-8.120000E-08, -0.006025
-8.080000E-08, -0.002678
-8.040000E-08, -0.006025
-8.000000E-08, -0.009372
-7.960000E-08, -0.006025
-7.920000E-08, -0.006025
-7.880000E-08, -0.006025
-7.840000E-08, -0.006025
-7.800000E-08, -0.002678
-7.760000E-08, -0.002678
-7.720000E-08, -0.006025
-7.680000E-08, -0.006025
-7.640000E-08, -0.006025
-7.600000E-08, -0.006025
-7.560000E-08, -0.006025
-7.520000E-08, -0.006025
-7.480000E-08, -0.006025
-7.440000E-08, -0.006025
-7.400000E-08, -0.009372
-7.360000E-08, -0.006025
-7.320000E-08, -0.009372
-7.280000E-08, -0.002678
-7.240000E-08, -0.006025
-7.200000E-08, -0.006025
-7.160000E-08, -0.006025
-7.120000E-08, -0.002678
-7.080000E-08, -0.009372
-7.040000E-08, -0.002678
-7.000000E-08, -0.006025
-6.960000E-08, -0.006025
-6.920000E-08, -0.006025
-6.880000E-08, -0.006025
-6.840000E-08, -0.009372
-6.800000E-08, -0.002678
-6.760000E-08, -0.006025
-6.720000E-08, -0.009372
-6.680000E-08, -0.009372
-6.640000E-08, -0.006025
-6.600000E-08, -0.006025
-6.560000E-08, -0.006025
-6.520000E-08, -0.006025
-6.480000E-08, -0.002678
-6.440000E-08, -0.006025
-6.400000E-08, -0.002678
-6.360000E-08, -0.006025
-6.320000E-08, -0.009372
-6.280000E-08, -0.006025
-6.240000E-08, -0.006025
-6.200000E-08, -0.006025
-6.160000E-08, -0.002678
-6.120000E-08, -0.009372
-6.080000E-08, -0.009372
-6.040000E-08, -0.009372
-6.000000E-08, -0.006025
-5.960000E-08, -0.002678
-5.920000E-08, -0.002678
-5.880000E-08, -0.006025
-5.840000E-08, -0.002678
-5.800000E-08, -0.006025
-5.760000E-08, -0.006025
-5.720000E-08, -0.002678
-5.680000E-08, -0.006025
-5.640000E-08, -0.006025
-5.600000E-08, -0.006025
-5.560000E-08, -0.009372
-5.520000E-08, -0.002678
-5.480000E-08, -0.009372
-5.440000E-08, -0.009372
-5.400000E-08, -0.009372
-5.360000E-08, -0.006025
-5.320000E-08, -0.006025
-5.280000E-08, -0.006025
-5.240000E-08, -0.006025
-5.200000E-08, -0.002678
-5.160000E-08, -0.009372
-5.120000E-08, -0.006025
-5.080000E-08, -0.006025
-5.040000E-08, -0.006025
-5.000000E-08, -0.006025
-4.960000E-08, -0.006025
-4.920000E-08, -0.006025
-4.880000E-08, -0.002678
-4.840000E-08, -0.006025
-4.800000E-08, -0.006025
-4.760000E-08, -0.006025
-4.720000E-08, -0.006025
-4.680000E-08, -0.006025
-4.640000E-08, -0.002678
-4.600000E-08, -0.006025
-4.560000E-08, -0.002678
-4.520000E-08, -0.009372
-4.480000E-08, -0.006025
-4.440000E-08, -0.006025
-4.400000E-08, -0.006025
-4.360000E-08, -0.009372
-4.320000E-08, -0.006025
-4.280000E-08, -0.009372
-4.240000E-08, -0.002678
-4.200000E-08, -0.009372
-4.160000E-08, -0.006025
-4.120000E-08, -0.006025
-4.080000E-08, -0.006025
-4.040000E-08, -0.006025
-4.000000E-08, -0.006025
-3.960000E-08, -0.006025
-3.920000E-08, -0.002678
-3.880000E-08, -0.009372
-3.840000E-08, -0.006025
-3.800000E-08, -0.006025
-3.760000E-08, -0.006025
-3.720000E-08, -0.006025
-3.680000E-08, -0.002678
-3.640000E-08, -0.009372
-3.600000E-08, -0.002678
-3.560000E-08, -0.009372
-3.520000E-08, -0.002678
-3.480000E-08, -0.009372
-3.440000E-08, -0.006025
-3.400000E-08, -0.006025
-3.360000E-08, -0.006025
-3.320000E-08, -0.006025
-3.280000E-08, -0.002678
-3.240000E-08, -0.002678
-3.200000E-08, -0.006025
-3.160000E-08, -0.006025
-3.120000E-08, -0.006025
-3.080000E-08, -0.006025
-3.040000E-08, -0.006025
-3.000000E-08, -0.009372
-2.960000E-08, -0.002678
-2.920000E-08, -0.006025
-2.880000E-08, -0.009372
-2.840000E-08, -0.009372
-2.800000E-08, -0.006025
-2.760000E-08, -0.006025
-2.720000E-08, -0.002678
-2.680000E-08, -0.006025
-2.640000E-08, -0.002678
-2.600000E-08, -0.006025
-2.560000E-08, -0.002678
-2.520000E-08, -0.006025
-2.480000E-08, -0.006025
-2.440000E-08, -0.009372
-2.400000E-08, -0.006025
-2.360000E-08, -0.002678
-2.320000E-08, -0.002678
-2.280000E-08, -0.009372
-2.240000E-08, -0.006025
-2.200000E-08, -0.012720
-2.160000E-08, -0.006025
-2.120000E-08, -0.006025
-2.080000E-08, -0.002678
-2.040000E-08, -0.002678
-2.000000E-08, -0.002678
-1.960000E-08, -0.009372
-1.920000E-08, -0.006025
-1.880000E-08, -0.006025
-1.840000E-08, -0.006025
-1.800000E-08, -0.006025
-1.760000E-08, -0.006025
-1.720000E-08, -0.009372
-1.680000E-08, -0.002678
-1.640000E-08, -0.002678
-1.600000E-08, -0.006025
-1.560000E-08, -0.006025
-1.520000E-08, -0.006025
-1.480000E-08, -0.006025
-1.440000E-08, -0.002678
-1.400000E-08, -0.006025
-1.360000E-08, 0.000669
-1.320000E-08, -0.002678
-1.280000E-08, -0.006025
-1.240000E-08, -0.002678
-1.200000E-08, -0.006025
-1.160000E-08, -0.006025
-1.120000E-08, -0.006025
-1.080000E-08, -0.009372
-1.040000E-08, -0.002678
-1.000000E-08, -0.006025
-9.600000E-09, -0.006025
-9.200000E-09, -0.006025
-8.800000E-09, -0.006025
-8.400000E-09, -0.006025
-8.000000E-09, -0.006025
-7.600000E-09, -0.006025
-7.200000E-09, -0.002678
-6.800000E-09, -0.006025
-6.400000E-09, -0.002678
-6.000000E-09, -0.006025
-5.600000E-09, -0.006025
-5.200000E-09, -0.006025
-4.800000E-09, -0.006025
-4.400000E-09, -0.006025
-4.000000E-09, -0.002678
-3.600000E-09, -0.006025
-3.200000E-09, -0.006025
-2.800000E-09, -0.009372
-2.400000E-09, -0.002678
-2.000000E-09, -0.002678
-1.600000E-09, -0.002678
-1.200000E-09, -0.002678
-8.000000E-10, 0.000669
-4.000000E-10, -0.002678
0.000000E+00, -0.006025
4.000000E-10, -0.006025
8.000000E-10, -0.006025
1.200000E-09, -0.006025
1.600000E-09, -0.002678
2.000000E-09, -0.006025
2.400000E-09, -0.002678
2.800000E-09, -0.006025
3.200000E-09, -0.006025
3.600000E-09, -0.006025
4.000000E-09, -0.002678
4.400000E-09, -0.002678
4.800000E-09, -0.006025
5.200000E-09, -0.002678
5.600000E-09, -0.002678
6.000000E-09, -0.002678
6.400000E-09, -0.002678
6.800000E-09, -0.006025
7.200000E-09, -0.006025
7.600000E-09, -0.006025
8.000000E-09, -0.009372
8.400000E-09, -0.009372
8.800000E-09, -0.006025
9.200000E-09, -0.009372
9.600000E-09, -0.006025
1.000000E-08, -0.006025
1.040000E-08, -0.006025
1.080000E-08, -0.006025
1.120000E-08, -0.006025
1.160000E-08, -0.006025
1.200000E-08, -0.002678
1.240000E-08, -0.006025
1.280000E-08, -0.006025
1.320000E-08, -0.006025
1.360000E-08, -0.006025
1.400000E-08, -0.006025
1.440000E-08, -0.006025
1.480000E-08, -0.009372
1.520000E-08, -0.002678
1.560000E-08, -0.006025
1.600000E-08, -0.006025
1.640000E-08, -0.006025
1.680000E-08, -0.002678
1.720000E-08, -0.006025
1.760000E-08, -0.002678
1.800000E-08, -0.002678
1.840000E-08, 0.000669
1.880000E-08, -0.006025
1.920000E-08, -0.002678
1.960000E-08, -0.006025
2.000000E-08, -0.006025
2.040000E-08, -0.002678
2.080000E-08, -0.002678
2.120000E-08, -0.006025
2.160000E-08, -0.002678
2.200000E-08, -0.006025
2.240000E-08, -0.006025
2.280000E-08, -0.006025
2.320000E-08, -0.002678
2.360000E-08, -0.002678
2.400000E-08, -0.002678
2.440000E-08, -0.006025
2.480000E-08, -0.002678
2.520000E-08, -0.006025
2.560000E-08, -0.006025
2.600000E-08, -0.006025
2.640000E-08, -0.006025
2.680000E-08, -0.002678
2.720000E-08, -0.002678
2.760000E-08, -0.009372
2.800000E-08, -0.006025
2.840000E-08, -0.006025
2.880000E-08, -0.006025
2.920000E-08, -0.009372
2.960000E-08, -0.002678
3.000000E-08, -0.006025
3.040000E-08, -0.002678
3.080000E-08, -0.006025
3.120000E-08, -0.002678
3.160000E-08, -0.009372
3.200000E-08, -0.002678
3.240000E-08, -0.006025
3.280000E-08, -0.006025
3.320000E-08, -0.006025
3.360000E-08, -0.006025
3.400000E-08, -0.006025
3.440000E-08, -0.002678
3.480000E-08, -0.006025
3.520000E-08, -0.006025
3.560000E-08, -0.009372
3.600000E-08, -0.002678
3.640000E-08, -0.002678
3.680000E-08, -0.002678
3.720000E-08, -0.002678
3.760000E-08, 0.000669
3.800000E-08, -0.009372
3.840000E-08, -0.002678
3.880000E-08, -0.006025
3.920000E-08, -0.006025
3.960000E-08, -0.006025
4.000000E-08, -0.006025
4.040000E-08, -0.009372
4.080000E-08, -0.002678
4.120000E-08, -0.002678
4.160000E-08, -0.006025
4.200000E-08, -0.009372
4.240000E-08, -0.006025
4.280000E-08, -0.006025
4.320000E-08, -0.006025
4.360000E-08, -0.002678
4.400000E-08, -0.002678
4.440000E-08, -0.009372
4.480000E-08, -0.002678
4.520000E-08, -0.006025
4.560000E-08, -0.006025
4.600000E-08, -0.006025
4.640000E-08, -0.002678
4.680000E-08, -0.009372
4.720000E-08, -0.002678
4.760000E-08, -0.006025
4.800000E-08, -0.006025
4.840000E-08, -0.009372
4.880000E-08, -0.002678
4.920000E-08, -0.006025
4.960000E-08, -0.006025
5.000000E-08, -0.006025
5.040000E-08, -0.006025
5.080000E-08, -0.009372
5.120000E-08, -0.002678
5.160000E-08, -0.006025
5.200000E-08, -0.006025
5.240000E-08, -0.006025
5.280000E-08, -0.002678
5.320000E-08, -0.009372
5.360000E-08, -0.002678
5.400000E-08, -0.006025
5.440000E-08, -0.006025
5.480000E-08, -0.009372
5.520000E-08, -0.006025
5.560000E-08, -0.002678
5.600000E-08, -0.006025
5.640000E-08, -0.002678
5.680000E-08, -0.002678
5.720000E-08, -0.009372
5.760000E-08, -0.002678
5.800000E-08, -0.002678
5.840000E-08, -0.006025
5.880000E-08, -0.006025
5.920000E-08, -0.006025
5.960000E-08, -0.006025
6.000000E-08, -0.002678
6.040000E-08, -0.006025
6.080000E-08, -0.002678
6.120000E-08, -0.006025
6.160000E-08, -0.002678
6.200000E-08, -0.002678
6.240000E-08, -0.002678
6.280000E-08, -0.006025
6.320000E-08, 0.000669
6.360000E-08, -0.009372
6.400000E-08, -0.002678
6.440000E-08, -0.002678
6.480000E-08, -0.006025
6.520000E-08, -0.006025
6.560000E-08, -0.006025
6.600000E-08, -0.002678
6.640000E-08, -0.002678
6.680000E-08, -0.006025
6.720000E-08, -0.006025
6.760000E-08, -0.009372
6.800000E-08, -0.006025
6.840000E-08, -0.006025
6.880000E-08, -0.006025
6.920000E-08, -0.006025
6.960000E-08, -0.002678
7.000000E-08, -0.006025
7.040000E-08, -0.002678
7.080000E-08, -0.006025
7.120000E-08, -0.006025
7.160000E-08, -0.002678
7.200000E-08, -0.002678
7.240000E-08, -0.009372
7.280000E-08, -0.002678
7.320000E-08, -0.002678
7.360000E-08, -0.002678
7.400000E-08, -0.009372
7.440000E-08, -0.006025
7.480000E-08, -0.002678
7.520000E-08, -0.009372
7.560000E-08, -0.006025
7.600000E-08, -0.002678
7.640000E-08, -0.006025
7.680000E-08, -0.006025
7.720000E-08, -0.006025
7.760000E-08, -0.002678
7.800000E-08, -0.006025
7.840000E-08, -0.002678
7.880000E-08, -0.009372
7.920000E-08, -0.002678
7.960000E-08, -0.006025
8.000000E-08, -0.006025
8.040000E-08, -0.009372
8.080000E-08, -0.006025
8.120000E-08, -0.002678
8.160000E-08, -0.002678
8.200000E-08, -0.006025
8.240000E-08, -0.002678
8.280000E-08, -0.006025
8.320000E-08, -0.006025
8.360000E-08, -0.009372
8.400000E-08, -0.009372
8.440000E-08, -0.006025
8.480000E-08, -0.006025
8.520000E-08, -0.009372
8.560000E-08, -0.006025
8.600000E-08, -0.006025
8.640000E-08, -0.006025
8.680000E-08, -0.009372
8.720000E-08, -0.006025
8.760000E-08, -0.002678
8.800000E-08, -0.002678
8.840000E-08, -0.002678
8.880000E-08, 0.000669
8.920000E-08, -0.006025
8.960000E-08, -0.006025
9.000000E-08, -0.006025
9.040000E-08, -0.002678
9.080000E-08, -0.006025
9.120000E-08, -0.006025
9.160000E-08, -0.009372
9.200000E-08, -0.002678
9.240000E-08, -0.009372
9.280000E-08, -0.006025
9.320000E-08, -0.009372
9.360000E-08, -0.002678
9.400000E-08, -0.002678
9.440000E-08, -0.002678
9.480000E-08, -0.002678
9.520000E-08, -0.002678
9.560000E-08, -0.009372
9.600000E-08, -0.006025
9.640000E-08, -0.006025
9.680000E-08, -0.009372
9.720000E-08, -0.006025
9.760000E-08, -0.002678
9.800000E-08, -0.002678
9.840000E-08, -0.002678
9.880000E-08, -0.006025
9.920000E-08, -0.009372
9.960000E-08, -0.009372
1.000000E-07, -0.006025
1.004000E-07, -0.006025
1.008000E-07, -0.002678
1.012000E-07, -0.006025
1.016000E-07, -0.002678
1.020000E-07, -0.006025
1.024000E-07, -0.006025
1.028000E-07, -0.006025
1.032000E-07, -0.006025
1.036000E-07, -0.006025
1.040000E-07, -0.006025
1.044000E-07, -0.006025
1.048000E-07, -0.002678
1.052000E-07, -0.006025
1.056000E-07, -0.006025
1.060000E-07, -0.009372
1.064000E-07, -0.006025
1.068000E-07, -0.006025
1.072000E-07, -0.006025
1.076000E-07, -0.006025
1.080000E-07, -0.002678
1.084000E-07, -0.006025
1.088000E-07, -0.002678
1.092000E-07, -0.006025
1.096000E-07, -0.006025
1.100000E-07, -0.006025
1.104000E-07, -0.006025
1.108000E-07, -0.009372
1.112000E-07, -0.006025
1.116000E-07, -0.006025
1.120000E-07, -0.006025
1.124000E-07, -0.009372
1.128000E-07, -0.002678
1.132000E-07, -0.002678
1.136000E-07, -0.002678
1.140000E-07, -0.002678
1.144000E-07, 0.000669
1.148000E-07, -0.006025
1.152000E-07, -0.006025
1.156000E-07, -0.006025
1.160000E-07, -0.006025
1.164000E-07, -0.006025
1.168000E-07, -0.009372
1.172000E-07, -0.009372
1.176000E-07, -0.006025
1.180000E-07, -0.009372
1.184000E-07, -0.006025
1.188000E-07, -0.006025
1.192000E-07, -0.006025
1.196000E-07, -0.002678
1.200000E-07, -0.006025
1.204000E-07, -0.006025
1.208000E-07, -0.002678
1.212000E-07, -0.006025
1.216000E-07, -0.009372
1.220000E-07, -0.006025
1.224000E-07, -0.006025
1.228000E-07, -0.006025
1.232000E-07, -0.006025
1.236000E-07, -0.006025
1.240000E-07, -0.002678
1.244000E-07, -0.006025
1.248000E-07, -0.009372
1.252000E-07, -0.009372
1.256000E-07, -0.006025
1.260000E-07, -0.006025
1.264000E-07, -0.006025
1.268000E-07, -0.006025
1.272000E-07, -0.002678
1.276000E-07, -0.006025
1.280000E-07, -0.006025
1.284000E-07, -0.009372
1.288000E-07, -0.006025
1.292000E-07, -0.006025
1.296000E-07, -0.006025
1.300000E-07, -0.006025
1.304000E-07, -0.002678
1.308000E-07, -0.009372
1.312000E-07, -0.006025
1.316000E-07, -0.009372
1.320000E-07, -0.006025
1.324000E-07, -0.006025
1.328000E-07, -0.006025
1.332000E-07, -0.006025
1.336000E-07, -0.002678
1.340000E-07, -0.006025
1.344000E-07, -0.006025
1.348000E-07, -0.006025
1.352000E-07, -0.006025
1.356000E-07, -0.009372
1.360000E-07, -0.006025
1.364000E-07, -0.009372
1.368000E-07, -0.002678
1.372000E-07, -0.006025
1.376000E-07, -0.006025
1.380000E-07, -0.006025
1.384000E-07, -0.006025
1.388000E-07, -0.006025
1.392000E-07, -0.006025
1.396000E-07, -0.002678
1.400000E-07, -0.002678
1.404000E-07, -0.006025
1.408000E-07, -0.002678
1.412000E-07, -0.006025
1.416000E-07, -0.006025
1.420000E-07, -0.006025
1.424000E-07, -0.002678
1.428000E-07, -0.006025
1.432000E-07, -0.002678
1.436000E-07, -0.006025
1.440000E-07, -0.006025
1.444000E-07, -0.009372
1.448000E-07, -0.006025
1.452000E-07, -0.006025
1.456000E-07, -0.006025
1.460000E-07, -0.006025
1.464000E-07, -0.002678
1.468000E-07, -0.006025
1.472000E-07, -0.002678
1.476000E-07, -0.006025
1.480000E-07, -0.006025
1.484000E-07, -0.006025
1.488000E-07, -0.006025
1.492000E-07, -0.009372
1.496000E-07, -0.002678
1.500000E-07, -0.006025
1.504000E-07, -0.006025
1.508000E-07, -0.009372
1.512000E-07, -0.006025
1.516000E-07, -0.006025
1.520000E-07, -0.002678
1.524000E-07, -0.006025
1.528000E-07, -0.006025
1.532000E-07, -0.006025
1.536000E-07, -0.006025
1.540000E-07, -0.006025
1.544000E-07, -0.006025
1.548000E-07, -0.009372
1.552000E-07, -0.002678
1.556000E-07, -0.006025
1.560000E-07, -0.002678
1.564000E-07, -0.009372
1.568000E-07, -0.006025
1.572000E-07, -0.009372
1.576000E-07, -0.006025
1.580000E-07, -0.002678
1.584000E-07, -0.002678
1.588000E-07, -0.006025
1.592000E-07, 0.000669
1.596000E-07, -0.006025
1.600000E-07, -0.006025
1.604000E-07, -0.006025
1.608000E-07, -0.006025
1.612000E-07, -0.006025
1.616000E-07, -0.006025
1.620000E-07, -0.009372
1.624000E-07, -0.002678
1.628000E-07, -0.009372
1.632000E-07, -0.006025
1.636000E-07, -0.009372
1.640000E-07, -0.006025
1.644000E-07, -0.006025
1.648000E-07, -0.006025
1.652000E-07, -0.006025
1.656000E-07, -0.002678
1.660000E-07, -0.009372
1.664000E-07, -0.006025
1.668000E-07, -0.002678
1.672000E-07, -0.006025
1.676000E-07, -0.006025
1.680000E-07, -0.006025
1.684000E-07, -0.009372
1.688000E-07, -0.006025
1.692000E-07, -0.009372
1.696000E-07, -0.006025
1.700000E-07, -0.009372
1.704000E-07, -0.006025
1.708000E-07, -0.006025
1.712000E-07, -0.006025
1.716000E-07, -0.006025
1.720000E-07, -0.002678
1.724000E-07, -0.006025
1.728000E-07, -0.002678
1.732000E-07, -0.006025
1.736000E-07, -0.006025
1.740000E-07, -0.006025
1.744000E-07, -0.006025
1.748000E-07, -0.009372
1.752000E-07, -0.002678
1.756000E-07, -0.006025
1.760000E-07, -0.006025
1.764000E-07, -0.009372
1.768000E-07, -0.006025
1.772000E-07, -0.006025
1.776000E-07, -0.009372
1.780000E-07, -0.006025
1.784000E-07, -0.002678
1.788000E-07, -0.006025
1.792000E-07, -0.006025
1.796000E-07, -0.002678
1.800000E-07, -0.006025
1.804000E-07, -0.006025
1.808000E-07, -0.006025
1.812000E-07, -0.006025
1.816000E-07, -0.002678
1.820000E-07, -0.009372
1.824000E-07, -0.009372
1.828000E-07, -0.009372
1.832000E-07, -0.006025
1.836000E-07, -0.002678
1.840000E-07, -0.002678
1.844000E-07, -0.006025
1.848000E-07, -0.002678
1.852000E-07, -0.006025
1.856000E-07, -0.002678
1.860000E-07, -0.009372
1.864000E-07, -0.006025
1.868000E-07, -0.006025
1.872000E-07, -0.006025
1.876000E-07, -0.006025
1.880000E-07, -0.006025
1.884000E-07, -0.009372
1.888000E-07, -0.006025
1.892000E-07, -0.009372
1.896000E-07, -0.006025
1.900000E-07, -0.002678
1.904000E-07, -0.002678
1.908000E-07, -0.002678
1.912000E-07, 0.000669
1.916000E-07, -0.006025
1.920000E-07, -0.002678
1.924000E-07, -0.002678
1.928000E-07, -0.006025
1.932000E-07, -0.006025
1.936000E-07, -0.006025
1.940000E-07, -0.006025
1.944000E-07, -0.002678
1.948000E-07, -0.009372
1.952000E-07, -0.006025
1.956000E-07, -0.009372
1.960000E-07, -0.006025
1.964000E-07, -0.006025
1.968000E-07, -0.006025
1.972000E-07, -0.002678
1.976000E-07, -0.002678
1.980000E-07, -0.009372
1.984000E-07, -0.002678
1.988000E-07, -0.006025
1.992000E-07, -0.006025
1.996000E-07, -0.006025
2.000000E-07, -0.006025
2.004000E-07, -0.009372
2.008000E-07, -0.002678
2.012000E-07, -0.006025
2.016000E-07, -0.006025
2.020000E-07, -0.009372
2.024000E-07, -0.006025
2.028000E-07, -0.002678
2.032000E-07, -0.006025
2.036000E-07, -0.006025
2.040000E-07, -0.006025
2.044000E-07, -0.009372
2.048000E-07, -0.002678
2.052000E-07, -0.006025
2.056000E-07, -0.006025
2.060000E-07, -0.006025
2.064000E-07, -0.006025
2.068000E-07, -0.006025
2.072000E-07, -0.002678
2.076000E-07, -0.006025
2.080000E-07, -0.006025
2.084000E-07, -0.006025
2.088000E-07, -0.006025
2.092000E-07, -0.002678
2.096000E-07, -0.006025
2.100000E-07, -0.006025
2.104000E-07, -0.002678
2.108000E-07, -0.006025
2.112000E-07, -0.002678
2.116000E-07, -0.002678
2.120000E-07, -0.006025
2.124000E-07, -0.006025
2.128000E-07, -0.002678
2.132000E-07, -0.009372
2.136000E-07, -0.002678
2.140000E-07, -0.006025
2.144000E-07, -0.006025
2.148000E-07, -0.009372
2.152000E-07, -0.006025
2.156000E-07, -0.002678
2.160000E-07, -0.002678
2.164000E-07, -0.006025
2.168000E-07, -0.002678
2.172000E-07, -0.006025
2.176000E-07, -0.002678
2.180000E-07, -0.006025
2.184000E-07, -0.009372
2.188000E-07, -0.006025
2.192000E-07, -0.006025
2.196000E-07, -0.006025
2.200000E-07, -0.006025
2.204000E-07, -0.006025
2.208000E-07, -0.006025
2.212000E-07, -0.009372
2.216000E-07, -0.006025
2.220000E-07, -0.006025
2.224000E-07, -0.006025
2.228000E-07, -0.006025
2.232000E-07, -0.002678
2.236000E-07, -0.006025
2.240000E-07, -0.006025
2.244000E-07, -0.006025
2.248000E-07, -0.006025
2.252000E-07, -0.006025
2.256000E-07, -0.006025
2.260000E-07, -0.006025
2.264000E-07, -0.002678
2.268000E-07, -0.006025
2.272000E-07, -0.006025
2.276000E-07, -0.009372
2.280000E-07, 0.000669
2.284000E-07, -0.002678
2.288000E-07, -0.006025
2.292000E-07, -0.006025
2.296000E-07, -0.002678
2.300000E-07, -0.006025
2.304000E-07, -0.006025
2.308000E-07, -0.006025
2.312000E-07, -0.006025
2.316000E-07, -0.006025
2.320000E-07, -0.006025
2.324000E-07, -0.009372
2.328000E-07, -0.002678
2.332000E-07, -0.006025
2.336000E-07, -0.006025
2.340000E-07, -0.009372
2.344000E-07, -0.006025
2.348000E-07, -0.006025
2.352000E-07, -0.009372
2.356000E-07, -0.006025
2.360000E-07, -0.002678
2.364000E-07, -0.006025
2.368000E-07, -0.002678
2.372000E-07, -0.006025
2.376000E-07, -0.009372
2.380000E-07, -0.006025
2.384000E-07, -0.006025
2.388000E-07, -0.006025
2.392000E-07, -0.006025
2.396000E-07, -0.006025
2.400000E-07, -0.006025
2.404000E-07, -0.006025
2.408000E-07, -0.006025
2.412000E-07, -0.002678
2.416000E-07, -0.002678
2.420000E-07, -0.006025
2.424000E-07, -0.002678
2.428000E-07, -0.009372
2.432000E-07, -0.006025
2.436000E-07, -0.006025
2.440000E-07, -0.009372
2.444000E-07, -0.006025
2.448000E-07, -0.002678
2.452000E-07, -0.002678
2.456000E-07, -0.002678
2.460000E-07, -0.006025
2.464000E-07, -0.006025
2.468000E-07, -0.006025
2.472000E-07, -0.002678
2.476000E-07, -0.002678
2.480000E-07, -0.002678
2.484000E-07, -0.006025
2.488000E-07, -0.002678
2.492000E-07, -0.006025
2.496000E-07, -0.002678
