-2.500000E-07, -0.003172
-2.496000E-07, -0.003172
-2.492000E-07, -0.003172
-2.488000E-07, 0.000175
-2.484000E-07, -0.003172
-2.480000E-07, -0.003172
-2.476000E-07, -0.006520
-2.472000E-07, 0.000175
-2.468000E-07, 0.000175
-2.464000E-07, 0.000175
-2.460000E-07, -0.003172
-2.456000E-07, -0.003172
-2.452000E-07, -0.003172
-2.448000E-07, -0.003172
-2.444000E-07, -0.006520
-2.440000E-07, -0.003172
-2.436000E-07, -0.006520
-2.432000E-07, -0.006520
-2.428000E-07, -0.006520
-2.424000E-07, 0.003522
-2.420000E-07, 0.000175
-2.416000E-07, -0.003172
-2.412000E-07, -0.003172
-2.408000E-07, -0.003172
-2.404000E-07, -0.003172
-2.400000E-07, -0.003172
-2.396000E-07, -0.003172
-2.392000E-07, 0.000175
-2.388000E-07, -0.006520
-2.384000E-07, -0.003172
-2.380000E-07, -0.003172
-2.376000E-07, -0.003172
-2.372000E-07, -0.006520
-2.368000E-07, -0.003172
-2.364000E-07, -0.003172
-2.360000E-07, 0.003522
-2.356000E-07, -0.003172
-2.352000E-07, -0.003172
-2.348000E-07, -0.003172
-2.344000E-07, -0.003172
-2.340000E-07, -0.003172
-2.336000E-07, -0.003172
-2.332000E-07, -0.006520
-2.328000E-07, 0.000175
-2.324000E-07, -0.006520
-2.320000E-07, -0.006520
-2.316000E-07, -0.006520
-2.312000E-07, -0.003172
-2.308000E-07, -0.003172
-2.304000E-07, -0.003172
-2.300000E-07, 0.000175
-2.296000E-07, 0.000175
-2.292000E-07, 0.000175
-2.288000E-07, 0.000175
-2.284000E-07, -0.006520
-2.280000E-07, 0.000175
-2.276000E-07, -0.003172
-2.272000E-07, -0.003172
-2.268000E-07, -0.003172
-2.264000E-07, 0.000175
-2.260000E-07, -0.003172
-2.256000E-07, -0.006520
-2.252000E-07, -0.006520
-2.248000E-07, -0.003172
-2.244000E-07, -0.006520
-2.240000E-07, -0.003172
-2.236000E-07, -0.003172
-2.232000E-07, 0.000175
-2.228000E-07, -0.003172
-2.224000E-07, -0.006520
-2.220000E-07, -0.006520
-2.216000E-07, -0.003172
-2.212000E-07, -0.003172
-2.208000E-07, 0.000175
-2.204000E-07, -0.003172
-2.200000E-07, -0.003172
-2.196000E-07, -0.003172
-2.192000E-07, -0.003172
-2.188000E-07, -0.006520
-2.184000E-07, 0.000175
-2.180000E-07, -0.006520
-2.176000E-07, 0.000175
-2.172000E-07, 0.000175
-2.168000E-07, 0.003522
-2.164000E-07, -0.003172
-2.160000E-07, 0.000175
-2.156000E-07, -0.003172
-2.152000E-07, -0.003172
-2.148000E-07, -0.003172
-2.144000E-07, 0.000175
-2.140000E-07, -0.003172
-2.136000E-07, 0.000175
-2.132000E-07, 0.000175
-2.128000E-07, -0.006520
-2.124000E-07, -0.006520
-2.120000E-07, -0.003172
-2.116000E-07, -0.006520
-2.112000E-07, -0.003172
-2.108000E-07, 0.000175
-2.104000E-07, 0.003522
-2.100000E-07, -0.003172
-2.096000E-07, -0.003172
-2.092000E-07, -0.003172
-2.088000E-07, 0.000175
-2.084000E-07, -0.003172
-2.080000E-07, 0.000175
-2.076000E-07, -0.003172
-2.072000E-07, 0.000175
-2.068000E-07, -0.003172
-2.064000E-07, -0.003172
-2.060000E-07, -0.006520
-2.056000E-07, -0.003172
-2.052000E-07, -0.006520
-2.048000E-07, -0.003172
-2.044000E-07, -0.006520
-2.040000E-07, 0.000175
-2.036000E-07, -0.003172
-2.032000E-07, -0.003172
-2.028000E-07, -0.003172
-2.024000E-07, -0.003172
-2.020000E-07, -0.003172
-2.016000E-07, -0.003172
-2.012000E-07, -0.003172
-2.008000E-07, -0.003172
-2.004000E-07, -0.003172
-2.000000E-07, 0.000175
-1.996000E-07, -0.006520
-1.992000E-07, -0.003172
-1.988000E-07, -0.003172
-1.984000E-07, -0.003172
-1.980000E-07, -0.006520
-1.976000E-07, 0.000175
-1.972000E-07, -0.003172
-1.968000E-07, -0.006520
-1.964000E-07, -0.009867
-1.960000E-07, -0.003172
-1.956000E-07, -0.003172
-1.952000E-07, -0.003172
-1.948000E-07, 0.000175
-1.944000E-07, 0.000175
-1.940000E-07, -0.003172
-1.936000E-07, -0.003172
-1.932000E-07, -0.006520
-1.928000E-07, -0.003172
-1.924000E-07, -0.006520
-1.920000E-07, -0.003172
-1.916000E-07, -0.003172
-1.912000E-07, 0.003522
-1.908000E-07, -0.003172
-1.904000E-07, -0.003172
-1.900000E-07, -0.006520
-1.896000E-07, -0.003172
-1.892000E-07, -0.003172
-1.888000E-07, -0.003172
-1.884000E-07, -0.006520
-1.880000E-07, -0.003172
-1.876000E-07, -0.003172
-1.872000E-07, -0.006520
-1.868000E-07, -0.003172
-1.864000E-07, 0.000175
-1.860000E-07, -0.003172
-1.856000E-07, 0.000175
-1.852000E-07, -0.003172
-1.848000E-07, 0.003522
-1.844000E-07, -0.003172
-1.840000E-07, -0.003172
-1.836000E-07, -0.003172
-1.832000E-07, -0.003172
-1.828000E-07, -0.003172
-1.824000E-07, 0.000175
-1.820000E-07, -0.003172
-1.816000E-07, 0.003522
-1.812000E-07, -0.003172
-1.808000E-07, -0.006520
-1.804000E-07, -0.006520
-1.800000E-07, 0.000175
-1.796000E-07, -0.003172
-1.792000E-07, -0.003172
-1.788000E-07, 0.000175
-1.784000E-07, 0.000175
-1.780000E-07, -0.003172
-1.776000E-07, -0.003172
-1.772000E-07, -0.003172
-1.768000E-07, 0.000175
-1.764000E-07, 0.000175
-1.760000E-07, -0.003172
-1.756000E-07, -0.003172
-1.752000E-07, 0.000175
-1.748000E-07, 0.000175
-1.744000E-07, -0.003172
-1.740000E-07, -0.003172
-1.736000E-07, -0.003172
-1.732000E-07, -0.003172
-1.728000E-07, 0.000175
-1.724000E-07, -0.003172
-1.720000E-07, 0.003522
-1.716000E-07, -0.003172
-1.712000E-07, 0.000175
-1.708000E-07, -0.003172
-1.704000E-07, -0.003172
-1.700000E-07, 0.000175
-1.696000E-07, 0.000175
-1.692000E-07, 0.000175
-1.688000E-07, 0.000175
-1.684000E-07, 0.000175
-1.680000E-07, 0.000175
-1.676000E-07, -0.003172
-1.672000E-07, -0.003172
-1.668000E-07, -0.003172
-1.664000E-07, -0.003172
-1.660000E-07, 0.000175
-1.656000E-07, 0.000175
-1.652000E-07, 0.000175
-1.648000E-07, -0.003172
-1.644000E-07, -0.006520
-1.640000E-07, -0.003172
-1.636000E-07, 0.000175
-1.632000E-07, 0.000175
-1.628000E-07, 0.000175
-1.624000E-07, 0.000175
-1.620000E-07, -0.003172
-1.616000E-07, -0.003172
-1.612000E-07, -0.003172
-1.608000E-07, -0.003172
-1.604000E-07, -0.006520
-1.600000E-07, -0.003172
-1.596000E-07, -0.003172
-1.592000E-07, 0.003522
-1.588000E-07, -0.003172
-1.584000E-07, -0.003172
-1.580000E-07, -0.003172
-1.576000E-07, -0.003172
-1.572000E-07, -0.003172
-1.568000E-07, -0.003172
-1.564000E-07, 0.000175
-1.560000E-07, 0.000175
-1.556000E-07, -0.003172
-1.552000E-07, 0.000175
-1.548000E-07, -0.003172
-1.544000E-07, -0.003172
-1.540000E-07, -0.003172
-1.536000E-07, -0.003172
-1.532000E-07, -0.006520
-1.528000E-07, 0.000175
-1.524000E-07, -0.003172
-1.520000E-07, 0.000175
-1.516000E-07, -0.006520
-1.512000E-07, -0.003172
-1.508000E-07, -0.003172
-1.504000E-07, -0.003172
-1.500000E-07, -0.006520
-1.496000E-07, -0.003172
-1.492000E-07, -0.003172
-1.488000E-07, -0.006520
-1.484000E-07, -0.003172
-1.480000E-07, -0.003172
-1.476000E-07, -0.003172
-1.472000E-07, -0.003172
-1.468000E-07, -0.003172
-1.464000E-07, 0.000175
-1.460000E-07, -0.003172
-1.456000E-07, -0.003172
-1.452000E-07, -0.003172
-1.448000E-07, -0.003172
-1.444000E-07, -0.003172
-1.440000E-07, 0.000175
-1.436000E-07, -0.006520
-1.432000E-07, 0.000175
-1.428000E-07, -0.003172
-1.424000E-07, -0.006520
-1.420000E-07, -0.003172
-1.416000E-07, -0.003172
-1.412000E-07, -0.003172
-1.408000E-07, -0.003172
-1.404000E-07, -0.006520
-1.400000E-07, 0.003522
-1.396000E-07, -0.003172
-1.392000E-07, -0.003172
-1.388000E-07, -0.003172
-1.384000E-07, -0.003172
-1.380000E-07, -0.003172
-1.376000E-07, 0.000175
-1.372000E-07, 0.000175
-1.368000E-07, 0.000175
-1.364000E-07, 0.000175
-1.360000E-07, 0.000175
-1.356000E-07, -0.003172
-1.352000E-07, 0.000175
-1.348000E-07, -0.003172
-1.344000E-07, 0.000175
-1.340000E-07, 0.000175
-1.336000E-07, 0.003522
-1.332000E-07, 0.000175
-1.328000E-07, 0.000175
-1.324000E-07, -0.003172
-1.320000E-07, -0.003172
-1.316000E-07, -0.003172
-1.312000E-07, 0.000175
-1.308000E-07, 0.000175
-1.304000E-07, 0.003522
-1.300000E-07, 0.000175
-1.296000E-07, -0.003172
-1.292000E-07, -0.006520
-1.288000E-07, -0.003172
-1.284000E-07, -0.003172
-1.280000E-07, -0.003172
-1.276000E-07, -0.003172
-1.272000E-07, 0.003522
-1.268000E-07, 0.000175
-1.264000E-07, 0.000175
-1.260000E-07, -0.003172
-1.256000E-07, 0.000175
-1.252000E-07, 0.000175
-1.248000E-07, -0.003172
-1.244000E-07, 0.000175
-1.240000E-07, 0.000175
-1.236000E-07, -0.003172
-1.232000E-07, -0.003172
-1.228000E-07, -0.003172
-1.224000E-07, 0.000175
-1.220000E-07, 0.000175
-1.216000E-07, -0.003172
-1.212000E-07, 0.000175
-1.208000E-07, 0.003522
-1.204000E-07, 0.000175
-1.200000E-07, 0.000175
-1.196000E-07, -0.006520
-1.192000E-07, -0.003172
-1.188000E-07, -0.003172
-1.184000E-07, 0.000175
-1.180000E-07, -0.003172
-1.176000E-07, 0.000175
-1.172000E-07, 0.000175
-1.168000E-07, 0.000175
-1.164000E-07, -0.006520
-1.160000E-07, -0.003172
-1.156000E-07, -0.003172
-1.152000E-07, 0.000175
-1.148000E-07, 0.000175
-1.144000E-07, 0.000175
-1.140000E-07, -0.003172
-1.136000E-07, -0.003172
-1.132000E-07, -0.003172
-1.128000E-07, 0.000175
-1.124000E-07, 0.000175
-1.120000E-07, 0.000175
-1.116000E-07, 0.000175
-1.112000E-07, 0.000175
-1.108000E-07, -0.006520
-1.104000E-07, -0.003172
-1.100000E-07, -0.003172
-1.096000E-07, -0.003172
-1.092000E-07, -0.003172
-1.088000E-07, -0.003172
-1.084000E-07, -0.003172
-1.080000E-07, 0.000175
-1.076000E-07, -0.003172
-1.072000E-07, 0.000175
-1.068000E-07, -0.003172
-1.064000E-07, -0.003172
-1.060000E-07, 0.000175
-1.056000E-07, -0.003172
-1.052000E-07, 0.000175
-1.048000E-07, 0.000175
-1.044000E-07, -0.003172
-1.040000E-07, -0.003172
-1.036000E-07, -0.003172
-1.032000E-07, -0.003172
-1.028000E-07, -0.003172
-1.024000E-07, -0.003172
-1.020000E-07, 0.000175
-1.016000E-07, 0.000175
-1.012000E-07, 0.000175
-1.008000E-07, -0.003172
-1.004000E-07, -0.003172
-1.000000E-07, -0.003172
-9.960000E-08, -0.003172
-9.920000E-08, 0.000175
-9.880000E-08, 0.000175
-9.840000E-08, 0.000175
-9.800000E-08, -0.006520
-9.760000E-08, -0.003172
-9.720000E-08, -0.003172
-9.680000E-08, 0.000175
-9.640000E-08, -0.006520
-9.600000E-08, -0.003172
-9.560000E-08, -0.003172
-9.520000E-08, 0.000175
-9.480000E-08, 0.000175
-9.440000E-08, -0.006520
-9.400000E-08, -0.003172
-9.360000E-08, 0.000175
-9.320000E-08, -0.003172
-9.280000E-08, -0.003172
-9.240000E-08, 0.000175
-9.200000E-08, -0.003172
-9.160000E-08, -0.003172
-9.120000E-08, -0.006520
-9.080000E-08, -0.006520
-9.040000E-08, -0.003172
-9.000000E-08, -0.003172
-8.960000E-08, 0.000175
-8.920000E-08, -0.003172
-8.880000E-08, 0.000175
-8.840000E-08, -0.003172
-8.800000E-08, -0.003172
-8.760000E-08, -0.003172
-8.720000E-08, -0.003172
-8.680000E-08, -0.003172
-8.640000E-08, 0.000175
-8.600000E-08, -0.003172
-8.560000E-08, 0.000175
-8.520000E-08, -0.003172
-8.480000E-08, -0.003172
-8.440000E-08, -0.003172
-8.400000E-08, -0.003172
-8.360000E-08, -0.003172
-8.320000E-08, -0.003172
-8.280000E-08, -0.003172
-8.240000E-08, 0.000175
-8.200000E-08, -0.003172
-8.160000E-08, -0.003172
-8.120000E-08, -0.003172
-8.080000E-08, -0.003172
-8.040000E-08, 0.000175
-8.000000E-08, 0.000175
-7.960000E-08, -0.003172
-7.920000E-08, -0.003172
-7.880000E-08, -0.006520
-7.840000E-08, -0.003172
-7.800000E-08, -0.006520
-7.760000E-08, -0.003172
-7.720000E-08, -0.006520
-7.680000E-08, -0.003172
-7.640000E-08, 0.000175
-7.600000E-08, 0.000175
-7.560000E-08, -0.003172
-7.520000E-08, -0.003172
-7.480000E-08, -0.006520
-7.440000E-08, 0.000175
-7.400000E-08, -0.003172
-7.360000E-08, -0.003172
-7.320000E-08, -0.003172
-7.280000E-08, 0.000175
-7.240000E-08, -0.003172
-7.200000E-08, -0.003172
-7.160000E-08, -0.003172
-7.120000E-08, -0.003172
-7.080000E-08, -0.003172
-7.040000E-08, -0.003172
-7.000000E-08, 0.000175
-6.960000E-08, 0.000175
-6.920000E-08, 0.000175
-6.880000E-08, -0.003172
-6.840000E-08, -0.003172
-6.800000E-08, 0.000175
-6.760000E-08, -0.003172
-6.720000E-08, 0.000175
-6.680000E-08, -0.003172
-6.640000E-08, 0.000175
-6.600000E-08, -0.003172
-6.560000E-08, -0.006520
-6.520000E-08, -0.003172
-6.480000E-08, -0.003172
-6.440000E-08, -0.003172
-6.400000E-08, -0.003172
-6.360000E-08, -0.003172
-6.320000E-08, 0.000175
-6.280000E-08, -0.003172
-6.240000E-08, 0.000175
-6.200000E-08, -0.006520
-6.160000E-08, -0.003172
-6.120000E-08, -0.003172
-6.080000E-08, 0.000175
-6.040000E-08, -0.003172
-6.000000E-08, -0.003172
-5.960000E-08, 0.000175
-5.920000E-08, -0.003172
-5.880000E-08, -0.003172
-5.840000E-08, -0.003172
-5.800000E-08, 0.000175
-5.760000E-08, 0.000175
-5.720000E-08, -0.003172
-5.680000E-08, 0.003522
-5.640000E-08, -0.003172
-5.600000E-08, 0.000175
-5.560000E-08, -0.006520
-5.520000E-08, -0.003172
-5.480000E-08, -0.003172
-5.440000E-08, 0.000175
-5.400000E-08, -0.003172
-5.360000E-08, -0.003172
-5.320000E-08, -0.003172
-5.280000E-08, -0.006520
-5.240000E-08, -0.003172
-5.200000E-08, -0.003172
-5.160000E-08, -0.006520
-5.120000E-08, -0.003172
-5.080000E-08, -0.003172
-5.040000E-08, 0.000175
-5.000000E-08, 0.000175
-4.960000E-08, 0.000175
-4.920000E-08, -0.003172
-4.880000E-08, -0.003172
-4.840000E-08, -0.003172
-4.800000E-08, 0.000175
-4.760000E-08, 0.000175
-4.720000E-08, 0.000175
-4.680000E-08, 0.000175
-4.640000E-08, -0.003172
-4.600000E-08, -0.006520
-4.560000E-08, -0.003172
-4.520000E-08, -0.006520
-4.480000E-08, -0.003172
-4.440000E-08, -0.003172
-4.400000E-08, 0.000175
-4.360000E-08, 0.000175
-4.320000E-08, 0.000175
-4.280000E-08, -0.006520
-4.240000E-08, -0.003172
-4.200000E-08, 0.000175
-4.160000E-08, 0.000175
-4.120000E-08, -0.003172
-4.080000E-08, -0.003172
-4.040000E-08, -0.003172
-4.000000E-08, -0.003172
-3.960000E-08, -0.006520
-3.920000E-08, -0.003172
-3.880000E-08, -0.003172
-3.840000E-08, -0.003172
-3.800000E-08, -0.006520
-3.760000E-08, 0.000175
-3.720000E-08, -0.003172
-3.680000E-08, -0.003172
-3.640000E-08, -0.003172
-3.600000E-08, -0.003172
-3.560000E-08, -0.003172
-3.520000E-08, 0.000175
-3.480000E-08, -0.003172
-3.440000E-08, -0.003172
-3.400000E-08, -0.003172
-3.360000E-08, -0.003172
-3.320000E-08, -0.003172
-3.280000E-08, -0.003172
-3.240000E-08, -0.006520
-3.200000E-08, 0.000175
-3.160000E-08, -0.003172
-3.120000E-08, -0.003172
-3.080000E-08, 0.000175
-3.040000E-08, 0.000175
-3.000000E-08, -0.003172
-2.960000E-08, -0.003172
-2.920000E-08, -0.003172
-2.880000E-08, 0.000175
-2.840000E-08, 0.000175
-2.800000E-08, 0.000175
-2.760000E-08, -0.003172
-2.720000E-08, 0.000175
-2.680000E-08, -0.003172
-2.640000E-08, -0.003172
-2.600000E-08, -0.003172
-2.560000E-08, 0.000175
-2.520000E-08, -0.003172
-2.480000E-08, 0.000175
-2.440000E-08, -0.003172
-2.400000E-08, -0.003172
-2.360000E-08, -0.003172
-2.320000E-08, -0.003172
-2.280000E-08, -0.003172
-2.240000E-08, -0.003172
-2.200000E-08, -0.003172
-2.160000E-08, 0.000175
-2.120000E-08, -0.003172
-2.080000E-08, 0.000175
-2.040000E-08, -0.006520
-2.000000E-08, -0.003172
-1.960000E-08, -0.003172
-1.920000E-08, -0.003172
-1.880000E-08, 0.000175
-1.840000E-08, 0.000175
-1.800000E-08, 0.000175
-1.760000E-08, 0.000175
-1.720000E-08, -0.006520
-1.680000E-08, 0.000175
-1.640000E-08, -0.003172
-1.600000E-08, 0.000175
-1.560000E-08, -0.003172
-1.520000E-08, -0.003172
-1.480000E-08, -0.003172
-1.440000E-08, -0.003172
-1.400000E-08, -0.006520
-1.360000E-08, -0.003172
-1.320000E-08, -0.006520
-1.280000E-08, -0.003172
-1.240000E-08, -0.006520
-1.200000E-08, 0.000175
-1.160000E-08, 0.000175
-1.120000E-08, -0.003172
-1.080000E-08, -0.003172
-1.040000E-08, -0.003172
-1.000000E-08, -0.003172
-9.600000E-09, 0.000175
-9.200000E-09, 0.003522
-8.800000E-09, 0.000175
-8.400000E-09, 0.000175
-8.000000E-09, -0.003172
-7.600000E-09, -0.006520
-7.200000E-09, 0.000175
-6.800000E-09, 0.000175
-6.400000E-09, 0.000175
-6.000000E-09, 0.000175
-5.600000E-09, 0.003522
-5.200000E-09, 0.000175
-4.800000E-09, 0.000175
-4.400000E-09, -0.003172
-4.000000E-09, 0.000175
-3.600000E-09, 0.000175
-3.200000E-09, 0.000175
-2.800000E-09, -0.003172
-2.400000E-09, -0.003172
-2.000000E-09, -0.003172
-1.600000E-09, -0.006520
-1.200000E-09, -0.006520
-8.000000E-10, -0.003172
-4.000000E-10, -0.003172
0.000000E+00, -0.003172
4.000000E-10, -0.003172
8.000000E-10, 0.000175
1.200000E-09, 0.000175
1.600000E-09, 0.000175
2.000000E-09, -0.003172
2.400000E-09, 0.000175
2.800000E-09, -0.006520
3.200000E-09, -0.003172
3.600000E-09, 0.000175
4.000000E-09, 0.000175
4.400000E-09, -0.003172
4.800000E-09, -0.003172
5.200000E-09, -0.003172
5.600000E-09, -0.003172
6.000000E-09, -0.006520
6.400000E-09, 0.000175
6.800000E-09, -0.006520
7.200000E-09, 0.000175
7.600000E-09, -0.003172
8.000000E-09, -0.003172
8.400000E-09, -0.003172
8.800000E-09, -0.003172
9.200000E-09, -0.003172
9.600000E-09, 0.000175
1.000000E-08, -0.003172
1.040000E-08, 0.000175
1.080000E-08, -0.003172
1.120000E-08, -0.006520
1.160000E-08, -0.003172
1.200000E-08, -0.003172
1.240000E-08, -0.003172
1.280000E-08, -0.003172
1.320000E-08, -0.006520
1.360000E-08, 0.000175
1.400000E-08, 0.000175
1.440000E-08, -0.003172
1.480000E-08, -0.003172
1.520000E-08, -0.003172
1.560000E-08, -0.003172
1.600000E-08, -0.003172
1.640000E-08, -0.003172
1.680000E-08, 0.000175
1.720000E-08, -0.003172
1.760000E-08, -0.003172
1.800000E-08, -0.003172
1.840000E-08, -0.003172
1.880000E-08, -0.003172
1.920000E-08, -0.003172
1.960000E-08, -0.003172
2.000000E-08, 0.000175
2.040000E-08, 0.000175
2.080000E-08, 0.000175
2.120000E-08, -0.003172
2.160000E-08, -0.003172
2.200000E-08, -0.003172
2.240000E-08, 0.000175
2.280000E-08, -0.003172
2.320000E-08, -0.003172
2.360000E-08, -0.003172
2.400000E-08, -0.003172
2.440000E-08, -0.003172
2.480000E-08, -0.003172
2.520000E-08, -0.003172
2.560000E-08, -0.003172
2.600000E-08, -0.006520
2.640000E-08, 0.000175
2.680000E-08, 0.000175
2.720000E-08, 0.000175
2.760000E-08, -0.003172
2.800000E-08, -0.003172
2.840000E-08, -0.003172
2.880000E-08, -0.003172
2.920000E-08, -0.003172
2.960000E-08, -0.003172
3.000000E-08, -0.003172
3.040000E-08, -0.006520
3.080000E-08, -0.003172
3.120000E-08, -0.003172
3.160000E-08, -0.003172
3.200000E-08, -0.003172
3.240000E-08, 0.000175
3.280000E-08, 0.000175
3.320000E-08, 0.000175
3.360000E-08, 0.000175
3.400000E-08, -0.003172
3.440000E-08, -0.003172
3.480000E-08, -0.006520
3.520000E-08, 0.000175
3.560000E-08, -0.003172
3.600000E-08, -0.003172
3.640000E-08, -0.006520
3.680000E-08, -0.003172
3.720000E-08, -0.006520
3.760000E-08, -0.003172
3.800000E-08, -0.003172
3.840000E-08, 0.000175
3.880000E-08, 0.000175
3.920000E-08, 0.003522
3.960000E-08, 0.000175
4.000000E-08, 0.000175
4.040000E-08, -0.003172
4.080000E-08, -0.003172
4.120000E-08, -0.003172
4.160000E-08, -0.003172
4.200000E-08, -0.003172
4.240000E-08, 0.000175
4.280000E-08, 0.000175
4.320000E-08, -0.003172
4.360000E-08, -0.003172
4.400000E-08, -0.003172
4.440000E-08, -0.003172
4.480000E-08, 0.000175
4.520000E-08, -0.003172
4.560000E-08, 0.000175
4.600000E-08, 0.000175
4.640000E-08, -0.003172
4.680000E-08, -0.003172
4.720000E-08, 0.000175
4.760000E-08, -0.003172
4.800000E-08, -0.003172
4.840000E-08, 0.000175
4.880000E-08, 0.003522
4.920000E-08, -0.003172
4.960000E-08, -0.003172
5.000000E-08, -0.003172
5.040000E-08, -0.003172
5.080000E-08, -0.003172
5.120000E-08, 0.000175
5.160000E-08, 0.000175
5.200000E-08, 0.003522
5.240000E-08, 0.000175
5.280000E-08, -0.003172
5.320000E-08, -0.003172
5.360000E-08, -0.003172
5.400000E-08, -0.003172
5.440000E-08, 0.000175
5.480000E-08, -0.003172
5.520000E-08, 0.000175
5.560000E-08, 0.000175
5.600000E-08, 0.000175
5.640000E-08, -0.003172
5.680000E-08, 0.000175
5.720000E-08, -0.003172
5.760000E-08, 0.000175
5.800000E-08, 0.000175
5.840000E-08, 0.003522
5.880000E-08, 0.000175
5.920000E-08, -0.003172
5.960000E-08, -0.003172
6.000000E-08, -0.003172
6.040000E-08, 0.000175
6.080000E-08, 0.000175
6.120000E-08, -0.003172
6.160000E-08, 0.000175
6.200000E-08, -0.003172
6.240000E-08, -0.003172
6.280000E-08, -0.003172
6.320000E-08, -0.003172
6.360000E-08, -0.003172
6.400000E-08, 0.000175
6.440000E-08, -0.003172
6.480000E-08, 0.000175
6.520000E-08, -0.003172
6.560000E-08, -0.003172
6.600000E-08, -0.006520
6.640000E-08, -0.003172
6.680000E-08, -0.003172
6.720000E-08, 0.000175
6.760000E-08, -0.003172
6.800000E-08, -0.003172
6.840000E-08, -0.003172
6.880000E-08, 0.000175
6.920000E-08, -0.003172
6.960000E-08, -0.003172
7.000000E-08, -0.003172
7.040000E-08, 0.000175
7.080000E-08, -0.003172
7.120000E-08, 0.003522
7.160000E-08, -0.003172
7.200000E-08, -0.003172
7.240000E-08, 0.000175
7.280000E-08, -0.003172
7.320000E-08, -0.003172
7.360000E-08, -0.003172
7.400000E-08, -0.003172
7.440000E-08, 0.000175
7.480000E-08, -0.003172
7.520000E-08, 0.000175
7.560000E-08, -0.003172
7.600000E-08, 0.000175
7.640000E-08, -0.003172
7.680000E-08, -0.003172
7.720000E-08, -0.003172
7.760000E-08, 0.000175
7.800000E-08, 0.000175
7.840000E-08, -0.003172
7.880000E-08, -0.003172
7.920000E-08, -0.003172
7.960000E-08, 0.000175
8.000000E-08, -0.003172
8.040000E-08, -0.003172
8.080000E-08, -0.003172
8.120000E-08, -0.003172
8.160000E-08, -0.003172
8.200000E-08, -0.006520
8.240000E-08, -0.003172
8.280000E-08, -0.003172
8.320000E-08, 0.000175
8.360000E-08, -0.003172
8.400000E-08, 0.000175
8.440000E-08, 0.000175
8.480000E-08, -0.003172
8.520000E-08, -0.003172
8.560000E-08, 0.000175
8.600000E-08, -0.003172
8.640000E-08, 0.003522
8.680000E-08, 0.000175
8.720000E-08, 0.000175
8.760000E-08, -0.003172
8.800000E-08, -0.003172
8.840000E-08, -0.003172
8.880000E-08, 0.003522
8.920000E-08, -0.003172
8.960000E-08, -0.003172
9.000000E-08, -0.003172
9.040000E-08, 0.000175
9.080000E-08, 0.000175
9.120000E-08, 0.000175
9.160000E-08, -0.003172
9.200000E-08, -0.003172
9.240000E-08, -0.003172
9.280000E-08, -0.003172
9.320000E-08, 0.000175
9.360000E-08, -0.003172
9.400000E-08, -0.003172
9.440000E-08, -0.003172
9.480000E-08, -0.003172
9.520000E-08, -0.003172
9.560000E-08, -0.003172
9.600000E-08, 0.000175
9.640000E-08, 0.000175
9.680000E-08, 0.003522
9.720000E-08, 0.000175
9.760000E-08, 0.000175
9.800000E-08, -0.003172
9.840000E-08, -0.003172
9.880000E-08, 0.000175
9.920000E-08, -0.003172
9.960000E-08, -0.003172
1.000000E-07, 0.000175
1.004000E-07, -0.003172
1.008000E-07, -0.006520
1.012000E-07, -0.003172
1.016000E-07, 0.000175
1.020000E-07, 0.000175
1.024000E-07, 0.000175
1.028000E-07, 0.000175
1.032000E-07, 0.006869
1.036000E-07, 0.000175
1.040000E-07, -0.003172
1.044000E-07, -0.003172
1.048000E-07, 0.000175
1.052000E-07, 0.000175
1.056000E-07, 0.000175
1.060000E-07, -0.003172
1.064000E-07, -0.003172
1.068000E-07, -0.003172
1.072000E-07, -0.003172
1.076000E-07, -0.006520
1.080000E-07, -0.003172
1.084000E-07, -0.006520
1.088000E-07, -0.003172
1.092000E-07, -0.003172
1.096000E-07, 0.000175
1.100000E-07, 0.000175
1.104000E-07, -0.003172
1.108000E-07, -0.006520
1.112000E-07, -0.003172
1.116000E-07, -0.003172
1.120000E-07, 0.000175
1.124000E-07, -0.003172
1.128000E-07, 0.000175
1.132000E-07, -0.003172
1.136000E-07, 0.000175
1.140000E-07, -0.006520
1.144000E-07, -0.003172
1.148000E-07, -0.006520
1.152000E-07, 0.000175
1.156000E-07, -0.003172
1.160000E-07, 0.000175
1.164000E-07, 0.000175
1.168000E-07, 0.000175
1.172000E-07, -0.003172
1.176000E-07, -0.003172
1.180000E-07, -0.003172
1.184000E-07, 0.000175
1.188000E-07, -0.006520
1.192000E-07, -0.003172
1.196000E-07, -0.003172
1.200000E-07, -0.006520
1.204000E-07, -0.006520
1.208000E-07, -0.006520
1.212000E-07, -0.006520
1.216000E-07, 0.000175
1.220000E-07, -0.003172
1.224000E-07, 0.000175
1.228000E-07, -0.003172
1.232000E-07, -0.003172
1.236000E-07, -0.003172
1.240000E-07, -0.003172
1.244000E-07, -0.003172
1.248000E-07, -0.003172
1.252000E-07, -0.006520
1.256000E-07, -0.003172
1.260000E-07, -0.003172
1.264000E-07, 0.000175
1.268000E-07, -0.003172
1.272000E-07, -0.003172
1.276000E-07, -0.003172
1.280000E-07, -0.003172
1.284000E-07, -0.006520
1.288000E-07, 0.000175
1.292000E-07, 0.000175
1.296000E-07, -0.003172
1.300000E-07, -0.003172
1.304000E-07, 0.000175
1.308000E-07, -0.003172
1.312000E-07, 0.000175
1.316000E-07, -0.006520
1.320000E-07, -0.003172
1.324000E-07, -0.003172
1.328000E-07, -0.003172
1.332000E-07, -0.003172
1.336000E-07, -0.003172
1.340000E-07, -0.003172
1.344000E-07, -0.003172
1.348000E-07, 0.000175
1.352000E-07, 0.000175
1.356000E-07, -0.003172
1.360000E-07, -0.003172
1.364000E-07, -0.003172
1.368000E-07, 0.000175
1.372000E-07, -0.003172
1.376000E-07, -0.003172
1.380000E-07, 0.000175
1.384000E-07, 0.000175
1.388000E-07, -0.003172
1.392000E-07, -0.003172
1.396000E-07, -0.006520
1.400000E-07, -0.006520
1.404000E-07, -0.003172
1.408000E-07, -0.003172
1.412000E-07, -0.003172
1.416000E-07, 0.000175
1.420000E-07, -0.003172
1.424000E-07, 0.000175
1.428000E-07, -0.003172
1.432000E-07, -0.003172
1.436000E-07, 0.000175
1.440000E-07, -0.003172
1.444000E-07, -0.003172
1.448000E-07, 0.000175
1.452000E-07, -0.003172
1.456000E-07, -0.003172
1.460000E-07, -0.006520
1.464000E-07, -0.003172
1.468000E-07, -0.003172
1.472000E-07, 0.000175
1.476000E-07, 0.000175
1.480000E-07, 0.000175
1.484000E-07, 0.000175
1.488000E-07, -0.003172
1.492000E-07, -0.003172
1.496000E-07, 0.000175
1.500000E-07, 0.000175
1.504000E-07, 0.000175
1.508000E-07, 0.000175
1.512000E-07, 0.000175
1.516000E-07, -0.003172
1.520000E-07, -0.003172
1.524000E-07, -0.003172
1.528000E-07, -0.006520
1.532000E-07, -0.003172
1.536000E-07, -0.003172
1.540000E-07, 0.000175
1.544000E-07, 0.003522
1.548000E-07, 0.000175
1.552000E-07, 0.000175
1.556000E-07, -0.003172
1.560000E-07, -0.003172
1.564000E-07, -0.003172
1.568000E-07, -0.003172
1.572000E-07, -0.003172
1.576000E-07, 0.000175
1.580000E-07, 0.000175
1.584000E-07, 0.000175
1.588000E-07, -0.003172
1.592000E-07, -0.003172
1.596000E-07, -0.003172
1.600000E-07, -0.003172
1.604000E-07, -0.003172
1.608000E-07, 0.000175
1.612000E-07, -0.003172
1.616000E-07, -0.003172
1.620000E-07, -0.003172
1.624000E-07, 0.000175
1.628000E-07, 0.000175
1.632000E-07, -0.003172
1.636000E-07, -0.003172
1.640000E-07, 0.000175
1.644000E-07, -0.003172
1.648000E-07, -0.003172
1.652000E-07, -0.006520
1.656000E-07, -0.003172
1.660000E-07, 0.000175
1.664000E-07, -0.003172
1.668000E-07, 0.000175
1.672000E-07, 0.003522
1.676000E-07, 0.000175
1.680000E-07, -0.003172
1.684000E-07, -0.003172
1.688000E-07, -0.003172
1.692000E-07, 0.000175
1.696000E-07, 0.000175
1.700000E-07, 0.000175
1.704000E-07, 0.000175
1.708000E-07, -0.003172
1.712000E-07, 0.000175
1.716000E-07, -0.003172
1.720000E-07, -0.003172
1.724000E-07, -0.003172
1.728000E-07, -0.003172
1.732000E-07, -0.003172
1.736000E-07, 0.003522
1.740000E-07, 0.000175
1.744000E-07, 0.000175
1.748000E-07, -0.003172
1.752000E-07, 0.000175
1.756000E-07, 0.000175
1.760000E-07, 0.000175
1.764000E-07, -0.003172
1.768000E-07, 0.000175
1.772000E-07, -0.003172
1.776000E-07, -0.003172
1.780000E-07, -0.003172
1.784000E-07, -0.003172
1.788000E-07, -0.003172
1.792000E-07, 0.003522
1.796000E-07, 0.000175
1.800000E-07, 0.003522
1.804000E-07, 0.000175
1.808000E-07, 0.000175
1.812000E-07, -0.003172
1.816000E-07, -0.003172
1.820000E-07, 0.000175
1.824000E-07, 0.000175
1.828000E-07, -0.003172
1.832000E-07, -0.003172
1.836000E-07, -0.003172
1.840000E-07, -0.006520
1.844000E-07, -0.003172
1.848000E-07, -0.003172
1.852000E-07, -0.003172
1.856000E-07, 0.000175
1.860000E-07, -0.003172
1.864000E-07, 0.000175
1.868000E-07, 0.000175
1.872000E-07, -0.003172
1.876000E-07, -0.003172
1.880000E-07, -0.003172
1.884000E-07, -0.003172
1.888000E-07, -0.003172
1.892000E-07, 0.000175
1.896000E-07, 0.000175
1.900000E-07, -0.003172
1.904000E-07, -0.003172
1.908000E-07, -0.003172
1.912000E-07, -0.003172
1.916000E-07, -0.003172
1.920000E-07, -0.003172
1.924000E-07, 0.000175
1.928000E-07, 0.003522
1.932000E-07, 0.000175
1.936000E-07, 0.000175
1.940000E-07, -0.003172
1.944000E-07, 0.000175
1.948000E-07, -0.003172
1.952000E-07, 0.000175
1.956000E-07, -0.003172
1.960000E-07, -0.003172
1.964000E-07, -0.003172
1.968000E-07, -0.003172
1.972000E-07, -0.003172
1.976000E-07, -0.006520
1.980000E-07, -0.003172
1.984000E-07, -0.003172
1.988000E-07, -0.006520
1.992000E-07, 0.000175
1.996000E-07, 0.000175
2.000000E-07, 0.000175
2.004000E-07, -0.003172
2.008000E-07, 0.000175
2.012000E-07, 0.000175
2.016000E-07, 0.000175
2.020000E-07, -0.003172
2.024000E-07, 0.000175
2.028000E-07, 0.000175
2.032000E-07, -0.003172
2.036000E-07, -0.003172
2.040000E-07, -0.003172
2.044000E-07, 0.000175
2.048000E-07, 0.000175
2.052000E-07, -0.003172
2.056000E-07, 0.003522
2.060000E-07, -0.003172
2.064000E-07, 0.000175
2.068000E-07, -0.003172
2.072000E-07, 0.000175
2.076000E-07, -0.003172
2.080000E-07, 0.000175
2.084000E-07, 0.000175
2.088000E-07, 0.000175
2.092000E-07, -0.003172
2.096000E-07, 0.000175
2.100000E-07, -0.006520
2.104000E-07, -0.003172
2.108000E-07, -0.003172
2.112000E-07, 0.000175
2.116000E-07, -0.003172
2.120000E-07, 0.000175
2.124000E-07, 0.000175
2.128000E-07, 0.000175
2.132000E-07, -0.003172
2.136000E-07, 0.000175
2.140000E-07, -0.003172
2.144000E-07, -0.003172
2.148000E-07, -0.003172
2.152000E-07, -0.003172
2.156000E-07, -0.003172
2.160000E-07, -0.003172
2.164000E-07, -0.003172
2.168000E-07, -0.003172
2.172000E-07, -0.003172
2.176000E-07, -0.003172
2.180000E-07, 0.000175
2.184000E-07, 0.003522
2.188000E-07, 0.000175
2.192000E-07, -0.003172
2.196000E-07, -0.006520
2.200000E-07, -0.003172
2.204000E-07, -0.003172
2.208000E-07, -0.003172
2.212000E-07, 0.000175
2.216000E-07, 0.000175
2.220000E-07, -0.003172
2.224000E-07, -0.003172
2.228000E-07, -0.006520
2.232000E-07, 0.000175
2.236000E-07, -0.003172
2.240000E-07, -0.003172
2.244000E-07, -0.003172
2.248000E-07, 0.000175
2.252000E-07, -0.003172
2.256000E-07, -0.003172
2.260000E-07, -0.009867
2.264000E-07, -0.003172
2.268000E-07, -0.003172
2.272000E-07, 0.000175
2.276000E-07, -0.003172
2.280000E-07, -0.003172
2.284000E-07, -0.003172
2.288000E-07, -0.006520
2.292000E-07, -0.006520
2.296000E-07, 0.000175
2.300000E-07, -0.006520
2.304000E-07, -0.003172
2.308000E-07, -0.003172
2.312000E-07, 0.003522
2.316000E-07, 0.000175
2.320000E-07, -0.003172
2.324000E-07, -0.003172
2.328000E-07, -0.003172
2.332000E-07, -0.003172
2.336000E-07, 0.000175
2.340000E-07, -0.006520
2.344000E-07, -0.003172
2.348000E-07, -0.003172
2.352000E-07, -0.003172
2.356000E-07, -0.006520
2.360000E-07, -0.003172
2.364000E-07, -0.003172
2.368000E-07, -0.003172
2.372000E-07, -0.003172
2.376000E-07, 0.000175
2.380000E-07, 0.000175
2.384000E-07, -0.003172
2.388000E-07, -0.003172
2.392000E-07, 0.000175
2.396000E-07, -0.003172
2.400000E-07, 0.000175
2.404000E-07, -0.003172
2.408000E-07, 0.000175
2.412000E-07, 0.000175
2.416000E-07, -0.003172
2.420000E-07, -0.003172
2.424000E-07, 0.000175
2.428000E-07, -0.003172
2.432000E-07, -0.003172
2.436000E-07, -0.006520
2.440000E-07, 0.000175
2.444000E-07, 0.000175
2.448000E-07, -0.003172
2.452000E-07, -0.003172
2.456000E-07, -0.003172
2.460000E-07, -0.003172
2.464000E-07, 0.000175
2.468000E-07, -0.003172
2.472000E-07, 0.000175
2.476000E-07, -0.003172
2.480000E-07, -0.006520
2.484000E-07, -0.003172
2.488000E-07, -0.006520
2.492000E-07, -0.003172
2.496000E-07, -0.003172
